[Sim Params]
profileType = CV
Crate = 5
Vmax = 4
Vmin = 1
tramp = 0
Vset = 1.4
power = 1
segments = [(0,30),(0.9411764705882353,3.0),(0,30),(0.9411764705882353,3.0),(0,30),(0.9411764705882353,3.0),(0,30),(0.9411764705882353,3.0),(0,30),(0.9411764705882353,3.0),(0,30),(0.9411764705882353,3.0),(0,30),(0.9411764705882353,3.0),(0,30),(0.9411764705882353,3.0),(0,30),(0.9411764705882353,3.0),(0,30),(0.9411764705882353,3.0),(0,30),(0.9411764705882353,3.0),(0,30),(0.9411764705882353,3.0),(0,30),(0.9411764705882353,3.0),(0,30),(0.9411764705882353,3.0),(0,30),(0.9411764705882353,3.0),(0,30),(0.9411764705882353,3.0),(0,30),(0.9411764705882353,3.0),(0,30),(0.9411764705882353,3.0),(0,30),(0.9411764705882353,3.0),(0,30),(0.9411764705882353,3.0),(0,30),(0.9411764705882353,3.0),(0,30),(0.9411764705882353,3.0),(0,30),]
prevDir = false
tend = 200
tsteps = 1000
relTol = 1e-6
absTol = 1e-6
T = 298
randomSeed = false
seed = 0
dataReporter = mat
Rser = 0.
Nvol_c = 1
Nvol_s = 0
Nvol_a = 0
Npart_c = 1
Npart_a = 2

[Electrodes]
cathode = params_LTO.cfg
anode = params_graphite_1param.cfg
k0_foil = 20
Rfilm_foil = 0e-0

[Particles]
mean_c = 500e-9
stddev_c = 0e-9
mean_a = 100e-9
stddev_a = 1e-9
specified_psd_c = False
specified_psd_a = False
cs0_c = 0.01
cs0_a = 0.99

[Conductivity]
simBulkCond_c = false
simBulkCond_a = false
sigma_s_c = 1e-1
sigma_s_a = 1e-1
simPartCond_c = false
simPartCond_a = false
G_mean_c = 1e-14
G_stddev_c = 0
G_mean_a = 1e-14
G_stddev_a = 0

[Geometry]
L_c = 80e-6
L_a = 50e-6
L_s = 25e-6
P_L_c = 0.9
P_L_a = 0.69
poros_c = 0.4
poros_a = 0.4
poros_s = 0.5
BruggExp_c = -1
BruggExp_a = -0.5
BruggExp_s = -0.5

[Electrolyte]
c0 = 1000
zp = 1
zm = -1
nup = 1
num = 1
elyteModelType = SM
SMset = valoen_bernardi
n = 1
sp = -1
Dp = 2.2e-10
Dm = 2.94e-10

